20130630
20130701
20130702
20130703
20130704
20130705
20130706
20130707
20130713
20130714
20130720
20130721
20130727
20130729
20130730
20130731
20130801
20130802
20130812
20130813
20130814
20130815
20130816
20130818
20130824
20130825
20130831
20130901
20130907
20130909
20130910
20130911
20130912
20130913
20130923
20130924
20130925
20130926
20130927
20130929
20131005
20131006
20131012
20131013
20131017
20131019
20131021
20131024
20131025
20131103
20131104
20131105
20131106
20131107
20131108
20131109
20131110
20131113
20131116
20131117
20131120
20131123
20131124
20131127
20131130
20131201
20131207
20131216
20131217
20131218
20131219
20131220
20131222
20131228
20131229
20140104
20140105
20140111
20140113
20140117
20140127
20140128
20140129
20140130
20140131
20140202
20140208
20140209
20140215
20140216
20140222
20140224
20140225
20140226
20140227
20140228
20140316
20140322
20140323
20140324
20140325
20140326
20140327
20140328
20140329
20140330
20140405
20140420
20140421
20140422
20140423
20140424
20140425
20140426
20140429
20140507
20140515
20140518
20140519
20140520
20140521
20140522
20140523
20140524
20130630
20130701
20130702
20130703
20130704
20130705
20130706
20130707
20130713
20130714
20130720
20130721
20130727
20130729
20130730
20130731
20130801
20130802
20130812
20130813
20130814
20130815
20130816
20130818
20130824
20130825
20130831
20130901
20130907
20130909
20130910
20130911
20130912
20130913
20130923
20130924
20130925
20130926
20130927
20130929
20131005
20131006
20131012
20131013
20131017
20131019
20131021
20131024
20131025
20131103
20131104
20131105
20131106
20131107
20131108
20131109
20131110
20131113
20131116
20131117
20131120
20131123
20131124
20131127
20131130
20131201
20131207
20131216
